XXyyy, XX Upper digits, yyy Lower digits
49388
54768
54768
54230
54230
54230
54768
54768
54768
54768
55844
55844
55844
55844
56382
56382
56920
56920
56920
56920
57458
57458
57458
57996
57458
57996
57996
57996
57996
57996
58534
58534
58534
58534
58534
59072
59610
59072
59072
59072
59072
59610
60148
59072
59072
60148
59072
60148
59610
60148
60148
60148
59072
60148
60148
60148
60148
60148
59610
60148
59610
60686
60148
60148
60148
60148
60686
60686
60686
60148
60148
60148
60148
60686
60686
61224
60686
60148
60686
60148
60148
61224
60686
60686
60148
60686
60148
60148
61762
60686
60686
61224
61224
60686
61224
61224
61224
60686
61224
61224
60686
61224
61762
61762
61224
61762
61224
60686
61762
61762
61224
61224
61762
61224
61224
61224
62300
61224
61762
61224
61762
61224
61762
61224
61762
61762
62300
61762
61762
62300
61224
62300
61224
62300
62300
62300
62300
62300
61224
61762
62300
62300
61762
62300
61762
62300
61224
61224
61224
62300
61224
62300
61762
61762
61762
62300
62300
62300
61762
62300
62300
62300
62300
62300
62300
62300
61762
61762
62300
62300
62300
62300
62300
62300
62300
62300
62300
62300
62300
62300
62300
62300
62300
62300
62838
62300
62300
62300
62300
62300
62300
62300
62300
61762
62300
62300
62300
62300
62300
62838
62300
62838
62300
62300
62300
62300
62838
62300
62300
62300
62838
62838
62300
63376
62300
62300
62300
62300
62300
62300
62838
62300
62838
62300
62300
62300
62300
62300
61762
62300
62838
62300
62300
62300
62300
62838
62838
62838
62838
62838
62838
62300
62300
62300
62300
62838
62838
62838
62300
62300
62300
62300
62300
62300
63376
62838
62300
62838
62838
62300
62838
62838
62838
62300
62838
62300
62300
62300
62838
62300
62838
62838
63376
62838
62300
62838
62838
62838
62300
62838
62838
62838
63376
62300
62838
62838
62838
62300
62838
62838
63376
62300
62300
63376
62838
62838
62300
63376
62838
63376
63376
62300
63376
62838
62838
62838
62300
62300
63376
62300
62838
63376
62300
62838
63376
63376
63376
63376
62838
63376
62300
63376
62838
62838
63376
62838
62300
62838
63376
63376
62838
63376
63376
62838
63376
62838
62838
63376
63376
62838
63376
63376
63376
62838
62838
62838
63376
62838
63376
63376
62838
62838
62838
63376
63376
63376
62838
62838
62838
63376
62838
63376
63376
62838
63376
62838
62838
63376
63376
62838
62838
62838
63376
63376
62838
62838
63376
63376
63376
63376
62838
63376
63376
62838
63376
63376
63376
62838
63376
62838
63376
62838
63376
63914
63376
63376
63376
63376
63376
63376
63376
62838
62838
63376
63376
62838
62300
63376
62300
63376
63376
63376
63376
63376
63376
62838
63376
63376
63376
62838
63376
63376
63376
63376
63376
63376
63376
63376
63376
63376
63376
63376
63376
63376
63376
63376
63376
63376
63376
63376
63376
63376
63376
63376
63376
63376
63376
63376
63914
63376
63376
63376
63376
62838
62838
63376
63376
63376
63376
63376
63376
62838
63376
63376
63376
63376
63376
63914
63376
62300
63376
63914
63376
63376
63376
63376
63376
63376
63376
62838
63376
63376
63376
63376
63376
63376
63376
63376
63376
63376
63376
63376
62838
63376
63376
63376
63376
63376
62838
63376
63376
